8715

6576

4469

8718
283.5

8704
298.5

6560
298.5

6598
262.5

4437
183.5

4437
189.5

4417
206.5

4488
138.5

4355
270.5

4355
276.5

4364
261.5

6655
66.5

6655
210.5

4347
276.5

4347
284.5

4491
136.5

4000-5000
6500-7000
8500-9000

7630
283.5

3645
1.25

3645
3.25-300

1116
70.5-300

9567
84.5-300

8481
67.5-300

7949
176.25-300

2807
1.5-2.7

2808
1.5-2.75

2810
1.75-2.75

2814
1.4-2.75

5187
5.25-275

1142
1.5-116

1505
3.4-300

5853
5.25-300

5837
4.25-300

5356
3.25-300

3404
5.25-300

1732
215.25

