-39725.7214572765
-35212.66194965075
-37747.863749404234
-37987.544839553906
-37233.107414655395
-34866.5200920696
-37314.64435730683
-36067.000275880855
-37424.08881772731
-37901.70883394773
-38673.01721007062
-36865.42195550021
-38830.79342531302
-38961.746067228334
-39687.61626300381
-36747.92297273005
-39484.382194504615
-38996.744740299706
-39847.187277559846
-39318.04650686035
-39318.30686965329
-38721.20103647317
-37381.33770877014
-39447.017744567616
-38151.90860402109
-37188.70557784687
-37627.28941557245
-39727.277321247406
-34734.084361130066
-39850.62497388394
-36992.658500463986
-33928.93979503392
-34448.496278045815
-34772.63964872835
-32735.875025587025
-39879.641698902764
-33129.84759991204
-38078.17362459045
-38647.400056136095
-36341.0054030495
-37231.43567083457
-35182.2574618685
-36544.76497315231
-35818.56009651368
-37954.07543605103
-39487.26301613706
-38723.43416078486
-38916.82489613464
-34812.24512760533
-38261.74208707623
-35621.83891688993
-39559.830935150734
-39924.36726608111
-38793.71753858458
-35536.259693158056
-37910.683964788186
-37313.66630994341
-35786.85178852072
-39317.186092428776
-33097.96531635687
-35995.38031552438
-37910.187106867896
-32693.193737893762
-39438.181484705325
-33174.17909871378
-38717.71609874807
-38119.054648635145
-38550.27172037892
-35177.47162387791
-39679.98803362486
-39314.753059332725
-38840.22131184338
-35502.16791275093
-37218.25574937076
-38717.9414822903
-37276.321867863895
-38881.78075214139
-33045.869662974335
-37388.4265586277
-35067.08011601726
-39933.7045827336
-32452.94598158884
-40011.28528346347
-34852.476070903365
-37751.65161328459
-38440.773863525304
-35859.99485484011
-39932.86632147718
-38680.64024326598
-38555.10590411138
-39360.68210164316
-36622.46131197607
-37349.357012719825
-37195.42451944018
-33330.94745092708
-38760.40227491165
-32293.19566085468
-35936.34114505135
-39318.535432112585
-35777.378794758355
-37102.02656980949
-35988.22674870542
-37264.023333156525
-39168.75646429611
-38675.199709946
-38161.23940633031
-35540.7203109382
-39478.89549600016
-38353.5463609244
-39682.3302628475
-39645.20890278098
-38594.98437280131
-33262.4965825799
-37397.779826232894
-35711.08071144896
-39399.08455555358
-36062.31298697493
-39443.49131015975
-38963.734586985054
-38514.138653739545
-38962.99202684164
-35182.06766715327
-37677.90436234397
-35796.25670931535
-38833.61134102262
-32417.60263715064
-37347.62274667334
-35183.15325817121
-39680.04088819999
-39083.863400230744
-38675.70202175612
-38591.66357247471
-39403.81598731736
-39641.685288448825
-39934.36673834247
-36389.54012729673
-37218.25574937076
-39934.41852899003
-36464.50797398574
-38677.97277006362
-38629.73400314547
-37029.71710600632
-33056.22134225715
-39567.006458228796
-34851.063916015104
-34971.68497538458
-37795.61569163917
-37024.42709411355
-38848.82108131472
-34935.15663769095
-37349.37880240191
-32843.38632303597
-39522.14063297852
-38954.75979363678
-32962.029555615554
-35566.5193058729
-39394.391730618336
-37468.224380136075
-34857.60768101478
-32567.525757500098
-38367.31460263413
-39115.083936881834
-38319.37077612521
-40052.34353391278
-32650.481754633736
-32880.444638024135
-38387.823946211625
-39522.321718535044
-32893.215364123294
-37716.595895016384
-39161.32163818212
-37240.12206286788
-39004.08978324267
-32936.497374067854
-38425.94511561906
-37544.86719259136
-38357.77062210232
-39159.043322320205
-39367.9186864124
-36827.23813588072
-32572.740478819538
-39447.017744567616
-37108.02124846722
-39644.53451324012
-39035.68992796201
-37345.905919225115
-38594.98437280131
-35452.36530583754
-39399.8207217904
-37181.68582984207
-38114.62591848032
-35054.803274636055
-39407.42786381367
-37476.263553864184
-38407.629577332336
-38920.00553159561
-38958.498365805506
-36469.54797489761
-38070.691150077364
-36997.46543233436
-37785.1924668123
-38798.13491724347
-38722.44158366349
-37438.88376197735
-38119.027371616896
-39045.64046292758
-39527.75890235753
-36355.52116679671
-37670.3501327245
-34935.729340072285
-39439.690414599434
-35263.00072225668
-37383.98275338364
-38107.16057951011
-33248.33874370968
-39888.47260040766
-35132.70072500121
-38961.471767507355
-32085.99801268176
-36023.33690580435
-37873.012944476184
-37914.7894608494
-38793.686873164464
-35137.244611108166
-38884.68716088149
-38718.8901015717
-37107.60047907955
-37195.68915867157
-37237.147328703315
-38753.9367991297
-37992.277384469846
-39526.64062653464
-38961.521220376584
-38803.28964132925
-39603.45283382787
-38594.95675675676
-38872.35363908646
-35060.31989396684
-32126.22759010231
-39681.40538566439
-39646.105196512784
-34977.77232071304
-39971.18127585539
-35345.851271183536
-39203.523288747485
-36378.48499359808
-37401.146253214894
-38111.75176171011
-36392.191158051886
-36780.99064917494
-39167.859548362896
-37401.36361198489
-39356.793128022015
-39641.46562967977
-37590.80922879242
-38758.80434912799
-39198.023302634116
-32328.933593427035
-38672.073845846906
-39117.044130211594
-35223.612274221705
-34698.449397649005
-35262.7800227769
-35735.00538216241
-36785.56339804703
-32162.64539236215
-37994.531131226264
-32534.40450896759
-32935.557363116466
-36095.56874669044
-37156.84947275225
-39400.54143322323
-37235.380023020676
-39443.3555801073
-34051.16269026184
-38437.43476194447
-38421.4964873881
-35137.80912644056
-37793.39049452616
-38634.56347449121
-38319.512888633995
-37346.517958901415
-37318.036087694374
-38438.88090305268
-35764.753484109875
-37396.94267815066
-39153.28415912846
-34386.873863763016
-36351.27315091091
-39689.936237965514
-38914.40142877278
-38118.442556667265
-34853.374004982674
-37346.56158924403
-38672.003997752036
-35180.58246824522
-38999.141094307786
-39644.36049876047
-37911.637403030385
-38475.23064149196